2.339	4.04532	-2.64738	10.738	-5.05493	13.1456
2.33895	4.05401	-2.63297	10.741	-5.04204	13.1501
2.3389	4.0627	-2.61868	10.7441	-5.02923	13.1546
2.33885	4.07139	-2.60449	10.7473	-5.0165	13.1593
2.3388	4.08009	-2.5904	10.7506	-5.00385	13.164
2.33875	4.08878	-2.57643	10.754	-4.99128	13.1688
2.3387	4.09747	-2.56256	10.7575	-4.97878	13.1737
2.33865	4.10616	-2.54879	10.7611	-4.96637	13.1787
2.3386	4.11485	-2.53514	10.7648	-4.95404	13.1837
2.33855	4.12354	-2.52159	10.7687	-4.94179	13.1889
2.3385	4.13223	-2.50815	10.7726	-4.92962	13.1941
2.33845	4.14092	-2.49482	10.7767	-4.91753	13.1994
2.3384	4.14961	-2.4816	10.7808	-4.90552	13.2047
2.33835	4.1583	-2.46849	10.7851	-4.89359	13.2102
2.3383	4.16699	-2.45548	10.7895	-4.88174	13.2157
2.33825	4.17568	-2.44259	10.7939	-4.86997	13.2213
2.3382	4.18437	-2.4298	10.7985	-4.85829	13.227
2.33815	4.19305	-2.41712	10.8032	-4.84668	13.2328
2.3381	4.20174	-2.40455	10.808	-4.83516	13.2386
2.33805	4.21043	-2.39209	10.813	-4.82371	13.2446
2.338	4.21911	-2.37975	10.818	-4.81235	13.2506
2.33795	4.2278	-2.36751	10.8231	-4.80107	13.2567
2.3379	4.23649	-2.35538	10.8284	-4.78987	13.2628
2.33785	4.24517	-2.34336	10.8337	-4.77875	13.2691
2.3378	4.25386	-2.33146	10.8392	-4.76772	13.2754
2.33775	4.26254	-2.31966	10.8447	-4.75676	13.2818
2.3377	4.27123	-2.30797	10.8504	-4.74589	13.2883
2.33765	4.27991	-2.2964	10.8562	-4.73509	13.2949
2.3376	4.28859	-2.28494	10.8621	-4.72438	13.3016
2.33755	4.29728	-2.27359	10.8681	-4.71375	13.3083
2.3375	4.30596	-2.26234	10.8743	-4.7032	13.3151
2.33745	4.31464	-2.25122	10.8805	-4.69274	13.322
2.3374	4.32332	-2.2402	10.8868	-4.68235	13.329
2.33735	4.332	-2.22929	10.8933	-4.67205	13.3361
2.3373	4.34069	-2.2185	10.8999	-4.66183	13.3432
2.33725	4.34937	-2.20782	10.9065	-4.65169	13.3504
2.3372	4.35805	-2.19725	10.9133	-4.64164	13.3577
2.33715	4.36673	-2.18679	10.9202	-4.63166	13.3651
2.3371	4.37541	-2.17644	10.9273	-4.62177	13.3726
2.33705	4.38409	-2.16621	10.9344	-4.61196	13.3801
2.337	4.39276	-2.15609	10.9416	-4.60223	13.3878
2.33695	4.40144	-2.14608	10.949	-4.59258	13.3955
2.3369	4.41012	-2.13618	10.9564	-4.58302	13.4033
2.33685	4.4188	-2.1264	10.964	-4.57353	13.4111
2.3368	4.42748	-2.11673	10.9717	-4.56413	13.4191
2.33675	4.43615	-2.10717	10.9795	-4.55481	13.4271
2.3367	4.44483	-2.09772	10.9874	-4.54557	13.4352
2.33665	4.45351	-2.08839	10.9954	-4.53642	13.4434
2.3366	4.46218	-2.07916	11.0035	-4.52735	13.4517
2.33655	4.47086	-2.07006	11.0118	-4.51836	13.4601
2.3365	4.47953	-2.06106	11.0201	-4.50945	13.4685
2.33645	4.48821	-2.05218	11.0286	-4.50062	13.477
2.3364	4.49688	-2.0434	11.0372	-4.49188	13.4856
2.33635	4.50556	-2.03475	11.0459	-4.48321	13.4943
2.3363	4.51423	-2.0262	11.0547	-4.47463	13.5031
2.33625	4.5229	-2.01777	11.0636	-4.46613	13.5119
2.3362	4.53158	-2.00945	11.0726	-4.45772	13.5209
2.33615	4.54025	-2.00124	11.0817	-4.44938	13.5299
2.3361	4.54892	-1.99314	11.091	-4.44113	13.539
2.33605	4.55759	-1.98516	11.1003	-4.43296	13.5481
2.336	4.56626	-1.97729	11.1098	-4.42487	13.5574
2.33595	4.57493	-1.96953	11.1194	-4.41686	13.5667
2.3359	4.58361	-1.96188	11.1291	-4.40894	13.5761
2.33585	4.59228	-1.95435	11.1389	-4.4011	13.5856
2.3358	4.60095	-1.94693	11.1488	-4.39333	13.5952
2.33575	4.60961	-1.93962	11.1588	-4.38565	13.6049
2.3357	4.61828	-1.93242	11.169	-4.37806	13.6146
2.33565	4.62695	-1.92533	11.1792	-4.37054	13.6244
2.3356	4.63562	-1.91836	11.1896	-4.3631	13.6343
2.33555	4.64429	-1.9115	11.2001	-4.35575	13.6443
2.3355	4.65296	-1.90474	11.2107	-4.34848	13.6544
2.33545	4.66162	-1.89811	11.2214	-4.34129	13.6645
2.3354	4.67029	-1.89158	11.2322	-4.33418	13.6748
2.33535	4.67896	-1.88516	11.2431	-4.32715	13.6851
2.3353	4.68762	-1.87885	11.2541	-4.32021	13.6955
2.33525	4.69629	-1.87266	11.2652	-4.31334	13.7059
2.3352	4.70495	-1.86657	11.2765	-4.30656	13.7165
2.33515	4.71362	-1.8606	11.2878	-4.29986	13.7271
2.3351	4.72228	-1.85474	11.2993	-4.29324	13.7378
2.33505	4.73095	-1.84899	11.3109	-4.2867	13.7486
2.335	4.73961	-1.84334	11.3226	-4.28024	13.7595
2.33495	4.74828	-1.83781	11.3344	-4.27386	13.7704
2.3349	4.75694	-1.83239	11.3463	-4.26756	13.7814
2.33485	4.7656	-1.82707	11.3583	-4.26135	13.7926
2.3348	4.77426	-1.82187	11.3704	-4.25521	13.8037
2.33475	4.78293	-1.81678	11.3826	-4.24916	13.815
2.3347	4.79159	-1.81179	11.395	-4.24318	13.8264
2.33465	4.80025	-1.80692	11.4074	-4.23729	13.8378
2.3346	4.80891	-1.80215	11.42	-4.23147	13.8493
2.33455	4.81757	-1.79749	11.4326	-4.22574	13.8609
2.3345	4.82623	-1.79294	11.4454	-4.22009	13.8725
2.33445	4.83489	-1.7885	11.4583	-4.21451	13.8843
2.3344	4.84355	-1.78416	11.4713	-4.20902	13.8961
2.33435	4.85221	-1.77994	11.4844	-4.20361	13.908
2.3343	4.86087	-1.77582	11.4976	-4.19827	13.92
2.33425	4.86953	-1.77181	11.5109	-4.19302	13.9321
2.3342	4.87818	-1.7679	11.5243	-4.18784	13.9442
2.33415	4.88684	-1.7641	11.5378	-4.18275	13.9564
2.3341	4.8955	-1.76041	11.5514	-4.17773	13.9687
2.33405	4.90416	-1.75682	11.5651	-4.1728	13.9811
2.334	4.91281	-1.75335	11.579	-4.16794	13.9936
